{
 "cells": [
  {
   "cell_type": "markdown",
   "metadata": {},
   "source": [
    "# Imports"
   ]
  },
  {
   "cell_type": "code",
   "execution_count": 20,
   "metadata": {},
   "outputs": [],
   "source": [
    "import pandas as pd\n",
    "import numpy as np\n",
    "import spreg\n",
    "import libpysal\n",
    "import geopandas as gpd\n",
    "from libpysal.weights import Queen\n",
    "from spreg import ML_Lag"
   ]
  },
  {
   "cell_type": "markdown",
   "metadata": {},
   "source": [
    "# Data"
   ]
  },
  {
   "cell_type": "code",
   "execution_count": 21,
   "metadata": {},
   "outputs": [
    {
     "name": "stderr",
     "output_type": "stream",
     "text": [
      "/tmp/ipykernel_282107/433270946.py:11: SettingWithCopyWarning: \n",
      "A value is trying to be set on a copy of a slice from a DataFrame\n",
      "\n",
      "See the caveats in the documentation: https://pandas.pydata.org/pandas-docs/stable/user_guide/indexing.html#returning-a-view-versus-a-copy\n",
      "  db_train.drop(columns=[\"municipality_code_str\"], inplace=True)\n",
      "/tmp/ipykernel_282107/433270946.py:12: SettingWithCopyWarning: \n",
      "A value is trying to be set on a copy of a slice from a DataFrame\n",
      "\n",
      "See the caveats in the documentation: https://pandas.pydata.org/pandas-docs/stable/user_guide/indexing.html#returning-a-view-versus-a-copy\n",
      "  db_test.drop(columns=[\"municipality_code_str\"], inplace=True)\n"
     ]
    },
    {
     "name": "stdout",
     "output_type": "stream",
     "text": [
      "(2251, 49) (226, 49)\n",
      "(2251, 3) (226, 3)\n"
     ]
    }
   ],
   "source": [
    "# Read in the data\n",
    "# db = libpysal.io.open(\"../_data/shapefile/map_municipalities.dbf\",\"r\")\n",
    "db = pd.read_csv('../_data/data_municipalities_final.csv')\n",
    "\n",
    "# Train and test datasets (test on Wielkopolskie)\n",
    "db[\"municipality_code_str\"] = db[\"municipality_code\"].astype(str)\n",
    "db.loc[:607, 'municipality_code_str'] = '0' + db.loc[:607, 'municipality_code'].astype(str)\n",
    "db_train = db[db[\"municipality_code_str\"].str[0:2] != \"30\"]\n",
    "db_test = db[db[\"municipality_code_str\"].str[0:2] == \"30\"]\n",
    "# drop\n",
    "db_train.drop(columns=[\"municipality_code_str\"], inplace=True)\n",
    "db_test.drop(columns=[\"municipality_code_str\"], inplace=True)\n",
    "print(db_train.shape, db_test.shape)\n",
    "# Specify the path to the shapefile\n",
    "shapefile_path = '../_data/shapefile/map_municipalities.shp'\n",
    "\n",
    "# Read the shapefile\n",
    "gdf = gpd.read_file(shapefile_path)\n",
    "\n",
    "# Train and test datasets\n",
    "gdf_train = gdf[gdf[\"mncplty_c\"].str[0:2] != \"30\"]\n",
    "gdf_test = gdf[gdf[\"mncplty_c\"].str[0:2] == \"30\"]\n",
    "print(gdf_train.shape, gdf_test.shape)"
   ]
  },
  {
   "cell_type": "markdown",
   "metadata": {},
   "source": [
    "# SAR Model"
   ]
  },
  {
   "cell_type": "markdown",
   "metadata": {},
   "source": [
    "## On train dataset"
   ]
  },
  {
   "cell_type": "code",
   "execution_count": 22,
   "metadata": {},
   "outputs": [
    {
     "name": "stderr",
     "output_type": "stream",
     "text": [
      "/tmp/ipykernel_282107/3028427859.py:2: FutureWarning: `use_index` defaults to False but will default to True in future. Set True/False directly to control this behavior and silence this warning\n",
      "  w = Queen.from_dataframe(gdf_train)\n"
     ]
    },
    {
     "name": "stdout",
     "output_type": "stream",
     "text": [
      "Warning: Latex output not implemented yet. Using standard output instead.\n"
     ]
    }
   ],
   "source": [
    "# Create a spatial weights object\n",
    "w = Queen.from_dataframe(gdf_train)\n",
    "ds_name = \"municipalities_train\"\n",
    "y_name = \"percent_vaccinated_log\"\n",
    "y = db_train[y_name].values\n",
    "y.shape = (len(y),1)\n",
    "x_names = db_train.columns.to_list()\n",
    "x_names.remove(\"county_code\")\n",
    "x_names.remove(\"county_name\")\n",
    "x_names.remove(\"voivodeship\")\n",
    "x_names.remove(\"municipality_code_old\")\n",
    "x_names.remove(\"municipality_code\")\n",
    "x_names.remove(\"splag_percent_vaccinated\")\n",
    "x_names.remove(\"percent_vaccinated\")\n",
    "x_names.remove(\"percent_vaccinated_log\")\n",
    "x_names.remove(\"municipality_name\")\n",
    "x = db_train[x_names].values.astype('float64')\n",
    "w_name = \"border_contiguity\"\n",
    "w.transform = 'r'\n",
    "mllag = ML_Lag(y=y,x=x,w=w,name_y=y_name,name_x=x_names,name_w=w_name,name_ds=ds_name,vm=True, latex=True)"
   ]
  },
  {
   "cell_type": "code",
   "execution_count": 23,
   "metadata": {},
   "outputs": [
    {
     "name": "stdout",
     "output_type": "stream",
     "text": [
      "REGRESSION RESULTS\n",
      "------------------\n",
      "\n",
      "SUMMARY OF OUTPUT: MAXIMUM LIKELIHOOD SPATIAL LAG (METHOD = FULL)\n",
      "-----------------------------------------------------------------\n",
      "Data set            :municipalities_train\n",
      "Weights matrix      :border_contiguity\n",
      "Dependent Variable  :percent_vaccinated_log                Number of Observations:        2251\n",
      "Mean dependent var  :      0.0650                Number of Variables   :          42\n",
      "S.D. dependent var  :      0.3194                Degrees of Freedom    :        2209\n",
      "Pseudo R-squared    :      0.0179\n",
      "Spatial Pseudo R-squared:  0.0159\n",
      "Log likelihood      :  -4806.3278\n",
      "Sigma-square ML     :      3.0582                Akaike info criterion :    9696.656\n",
      "S.E of regression   :      1.7488                Schwarz criterion     :    9936.859\n",
      "\n",
      "------------------------------------------------------------------------------------\n",
      "            Variable     Coefficient       Std.Error     z-Statistic     Probability\n",
      "------------------------------------------------------------------------------------\n",
      "            CONSTANT       -34.67218    1669395.38684        -0.00002         0.99998\n",
      "    population_total    -19818184.65621        55.86679    -354740.02024         0.00000\n",
      "  population_total_m    19818184.65618        55.86782    354733.43489         0.00000\n",
      "  population_total_f    19818184.65624        55.86680    354739.92873         0.00000\n",
      "            area_km2         0.00223         0.00069         3.22889         0.00124\n",
      "  population_density        -0.00054         0.00014        -3.75712         0.00017\n",
      "   urbanization_rate         0.00912         0.00194         4.70788         0.00000\n",
      "  healthcare_advices        -0.00000         0.00000        -0.70722         0.47943\n",
      "population_per_pharmacy        -0.00002         0.00001        -1.47224         0.14096\n",
      "installations_network_gas        -0.00709         0.00179        -3.97131         0.00007\n",
      "appartments_per_1000_persons        -0.00312         0.00114        -2.74415         0.00607\n",
      " persons_per_library        -0.00001         0.00001        -0.65729         0.51099\n",
      "library_readers_per_1000_persons         0.00105         0.00085         1.23539         0.21668\n",
      "        forests_area        -0.00032         0.00006        -5.64517         0.00000\n",
      "   unemployment_rate        18.93139         0.85388        22.17090         0.00000\n",
      " unemployment_rate_m        -9.45739         0.47046       -20.10226         0.00000\n",
      " unemployment_rate_f        -9.09819         0.38493       -23.63567         0.00000\n",
      " revenues_per_capita         0.00006         0.00004         1.61983         0.10527\n",
      "revenues_per_capita_PIT        -0.00020         0.00020        -0.98217         0.32602\n",
      "revenues_per_capita_CIT        -0.00005         0.00078        -0.06146         0.95099\n",
      "  net_scholarization        -0.00217         0.00341        -0.63541         0.52516\n",
      "average_wage_relative         0.00858         0.00548         1.56602         0.11734\n",
      "doctors_per_1000_persons         0.00316         0.00606         0.52088         0.60245\n",
      "education_share_higher         0.15178         0.08497         1.78628         0.07405\n",
      "education_share_secondary         0.08960         0.08693         1.03070         0.30268\n",
      "education_share_vocational         0.14041         0.08159         1.72086         0.08528\n",
      "education_share_primary         0.14752         0.09108         1.61969         0.10530\n",
      "tourits_per_1000_persons        -0.00004         0.00004        -0.89922         0.36854\n",
      "percent_population_below_25         0.24673         0.10057         2.45346         0.01415\n",
      "percent_population_25_60         0.25096         0.09775         2.56751         0.01024\n",
      "percent_population_over_60         0.28413         0.11641         2.44088         0.01465\n",
      "   election_presence         0.00181         0.01176         0.15370         0.87784\n",
      "percent_invalid_votes        -0.05513         0.09005        -0.61218         0.54042\n",
      "           PIS_party        -0.00058         0.01415        -0.04115         0.96717\n",
      "            KO_party         0.00442         0.01575         0.28098         0.77872\n",
      "  KONFEDERACJA_party        -0.01066         0.03059        -0.34861         0.72738\n",
      "           PSL_party         0.00391         0.01524         0.25675         0.79737\n",
      "           SLD_party        -0.00437         0.01900        -0.23017         0.81796\n",
      "  partition_austrian        -2.57815    1669395.38685        -0.00000         1.00000\n",
      "  partition_prussian        -2.12466    1669395.38685        -0.00000         1.00000\n",
      "   partition_russian        -1.36541    1669395.38685        -0.00000         1.00000\n",
      "W_percent_vaccinated_log         0.97516         0.00245       397.50959         0.00000\n",
      "------------------------------------------------------------------------------------\n",
      "\n",
      "COEFFICIENTS VARIANCE MATRIX\n",
      "----------------------------\n",
      "    CONSTANTpopulation_totalpopulation_total_mpopulation_total_f    area_km2population_densityurbanization_ratehealthcare_advicespopulation_per_pharmacyinstallations_network_gasappartments_per_1000_personspersons_per_librarylibrary_readers_per_1000_personsforests_areaunemployment_rateunemployment_rate_munemployment_rate_frevenues_per_capitarevenues_per_capita_PITrevenues_per_capita_CITnet_scholarizationaverage_wage_relativedoctors_per_1000_personseducation_share_highereducation_share_secondaryeducation_share_vocationaleducation_share_primarytourits_per_1000_personspercent_population_below_25percent_population_25_60percent_population_over_60election_presencepercent_invalid_votes   PIS_party    KO_partyKONFEDERACJA_party   PSL_party   SLD_partypartition_austrianpartition_prussianpartition_russianW_percent_vaccinated_log\n",
      "2786880957600.72412131891763.907106-31891763.907163-31891763.907055    0.000609    0.000042    0.003889    0.000000    0.000005   -0.000919   -0.001945   -0.000004   -0.000245   -0.000118    0.217590   -0.141042   -0.065123   -0.000014    0.000148    0.000339    0.000208   -0.003644    0.000929   -0.169531   -0.163201   -0.143809   -0.190876    0.000023   -0.830799   -0.861421   -0.962758    0.015888   -0.013276   -0.008762   -0.007806    0.016805   -0.004981    0.016120-2786880957499.774902-2786880957500.038086-2786880957499.416992   -0.000113\n",
      "-13666959.099572 3121.097734-3121.213616-3121.099344   -0.000000   -0.000000   -0.000000   -0.000000   -0.000000    0.000000    0.000000    0.000000    0.000000    0.000000    0.000002   -0.000001   -0.000001   -0.000000   -0.000000   -0.000000   -0.000000    0.000000    0.000000   -0.000003   -0.000003   -0.000003   -0.000003   -0.000000    0.000007    0.000008    0.000009    0.000000   -0.000000   -0.000000   -0.000000   -0.000000   -0.000000   -0.00000013662783.01201613658973.34522913709679.548609   -0.000000\n",
      "13666959.099557-3121.097734 3121.213616 3121.099344   -0.000000   -0.000000    0.000000   -0.000000   -0.000000   -0.000000   -0.000000   -0.000000   -0.000000   -0.000000   -0.000003    0.000002    0.000001    0.000000   -0.000000   -0.000000    0.000000   -0.000000   -0.000000    0.000002    0.000003    0.000002    0.000002    0.000000   -0.000008   -0.000008   -0.000009   -0.000000    0.000001    0.000000    0.000000    0.000000    0.000000    0.000000-13662783.011955-13658973.345169-13709679.548548    0.000000\n",
      "13666959.099585-3121.097734 3121.213616 3121.099344    0.000000    0.000000    0.000000    0.000000    0.000000    0.000000   -0.000000    0.000000   -0.000000   -0.000000   -0.000001    0.000000    0.000000   -0.000000    0.000000    0.000000    0.000000   -0.000000    0.000000    0.000003    0.000003    0.000003    0.000003    0.000000   -0.000007   -0.000007   -0.000009   -0.000000   -0.000000    0.000000    0.000000    0.000000    0.000000    0.000000-13662783.012070-13658973.345282-13709679.548662   -0.000000\n",
      "    0.000130   -0.000000   -0.000000    0.000000    0.000000    0.000000   -0.000000   -0.000000   -0.000000    0.000000   -0.000000    0.000000    0.000000   -0.000000   -0.000007    0.000005    0.000002    0.000000   -0.000000   -0.000000    0.000000   -0.000000    0.000000    0.000003    0.000003    0.000004    0.000002    0.000000   -0.000007   -0.000005   -0.000007    0.000001   -0.000000   -0.000000   -0.000001   -0.000001   -0.000001   -0.000001    0.000121    0.000120    0.000127   -0.000000\n",
      "    0.000005    0.000000   -0.000000    0.000000    0.000000    0.000000   -0.000000   -0.000000    0.000000   -0.000000   -0.000000   -0.000000   -0.000000   -0.000000   -0.000003    0.000002    0.000001    0.000000   -0.000000   -0.000000   -0.000000    0.000000   -0.000000    0.000000    0.000000    0.000001    0.000000    0.000000   -0.000001   -0.000000   -0.000001   -0.000000    0.000001    0.000000    0.000000    0.000000    0.000000    0.000000    0.000005    0.000003    0.000004    0.000000\n",
      "    0.001147    0.000000   -0.000000    0.000000   -0.000000   -0.000000    0.000004   -0.000000    0.000000   -0.000001   -0.000000   -0.000000   -0.000000   -0.000000   -0.000114    0.000059    0.000051    0.000000    0.000000   -0.000000   -0.000002    0.000000   -0.000000    0.000021    0.000019    0.000019    0.000018    0.000000   -0.000036   -0.000044   -0.000054    0.000000    0.000015   -0.000000   -0.000001   -0.000003    0.000000   -0.000001    0.001454    0.001482    0.001451    0.000000\n",
      "    0.000000   -0.000000    0.000000    0.000000   -0.000000   -0.000000   -0.000000    0.000000    0.000000   -0.000000   -0.000000   -0.000000   -0.000000    0.000000    0.000000   -0.000000   -0.000000   -0.000000    0.000000    0.000000   -0.000000    0.000000   -0.000000   -0.000000    0.000000   -0.000000   -0.000000    0.000000   -0.000000   -0.000000   -0.000000   -0.000000   -0.000000   -0.000000    0.000000   -0.000000    0.000000   -0.000000    0.000000    0.000000    0.000000    0.000000\n",
      "    0.000001    0.000000   -0.000000   -0.000000   -0.000000    0.000000    0.000000    0.000000    0.000000   -0.000000    0.000000   -0.000000   -0.000000   -0.000000   -0.000000    0.000000    0.000000    0.000000    0.000000   -0.000000   -0.000000    0.000000    0.000000    0.000000    0.000000    0.000000    0.000000   -0.000000   -0.000000   -0.000000   -0.000000   -0.000000    0.000000    0.000000    0.000000    0.000000    0.000000   -0.000000    0.000000    0.000000    0.000000   -0.000000\n",
      "   -0.000025    0.000000   -0.000000   -0.000000    0.000000   -0.000000   -0.000001   -0.000000   -0.000000    0.000003    0.000000   -0.000000    0.000000    0.000000   -0.000042    0.000026    0.000015    0.000000   -0.000000   -0.000000    0.000000    0.000001    0.000000    0.000014    0.000010    0.000015    0.000018    0.000000    0.000008    0.000007    0.000005   -0.000003    0.000011   -0.000000   -0.000001   -0.000003   -0.000000   -0.000001   -0.002015   -0.001924   -0.001929   -0.000000\n",
      "   -0.000397    0.000000   -0.000000   -0.000000   -0.000000   -0.000000   -0.000000   -0.000000    0.000000    0.000000    0.000001   -0.000000   -0.000000   -0.000000    0.000009   -0.000005   -0.000006   -0.000000    0.000000    0.000000    0.000000   -0.000000    0.000000    0.000004    0.000002    0.000006    0.000004   -0.000000    0.000026    0.000021    0.000014   -0.000002   -0.000002    0.000001   -0.000002    0.000001   -0.000000   -0.000002   -0.002303   -0.002302   -0.002319   -0.000000\n",
      "   -0.000001    0.000000   -0.000000   -0.000000    0.000000   -0.000000   -0.000000   -0.000000   -0.000000   -0.000000   -0.000000    0.000000    0.000000    0.000000    0.000000   -0.000000   -0.000000    0.000000   -0.000000   -0.000000   -0.000000    0.000000    0.000000    0.000000    0.000000    0.000000    0.000000    0.000000    0.000000    0.000000    0.000000   -0.000000    0.000000    0.000000   -0.000000   -0.000000   -0.000000   -0.000000   -0.000005   -0.000005   -0.000005    0.000000\n",
      "   -0.000009   -0.000000    0.000000    0.000000    0.000000   -0.000000   -0.000000   -0.000000   -0.000000    0.000000   -0.000000    0.000000    0.000001    0.000000    0.000011   -0.000006   -0.000006   -0.000000   -0.000000   -0.000000   -0.000000    0.000000    0.000000   -0.000001    0.000000   -0.000001    0.000000    0.000000    0.000001    0.000002   -0.000000    0.000000    0.000001    0.000000   -0.000000   -0.000002    0.000000    0.000001   -0.000131   -0.000121   -0.000127    0.000000\n",
      "   -0.000017    0.000000   -0.000000   -0.000000   -0.000000   -0.000000   -0.000000    0.000000   -0.000000    0.000000   -0.000000    0.000000    0.000000    0.000000   -0.000000    0.000000    0.000000    0.000000    0.000000   -0.000000    0.000000    0.000000   -0.000000    0.000001    0.000001    0.000001    0.000001   -0.000000    0.000001    0.000001    0.000001   -0.000000    0.000000    0.000000    0.000000   -0.000000    0.000000    0.000000   -0.000139   -0.000137   -0.000139    0.000000\n",
      "    1.326873   -0.000181    0.000179    0.000183   -0.000007   -0.000003   -0.000114    0.000000   -0.000000   -0.000042    0.000009    0.000000    0.000011   -0.000000    0.729119   -0.400528   -0.327845   -0.000001    0.000004    0.000009   -0.000117   -0.000033   -0.000021   -0.001031   -0.002505   -0.002569   -0.001495    0.000002   -0.003052   -0.001863   -0.000903   -0.000091    0.005996    0.000912    0.000653    0.000546    0.000791    0.000256   -1.010706   -1.045781   -0.911168   -0.000124\n",
      "   -0.727967    0.000101   -0.000100   -0.000102    0.000005    0.000002    0.000059   -0.000000    0.000000    0.000026   -0.000005   -0.000000   -0.000006    0.000000   -0.400528    0.221336    0.179250    0.000000   -0.000002   -0.000004    0.000060    0.000033    0.000005    0.000901    0.001688    0.001781    0.001135   -0.000001    0.001933    0.001140    0.000670   -0.000011   -0.003158   -0.000497   -0.000360   -0.000304   -0.000429   -0.000144    0.508518    0.528768    0.454341    0.000035\n",
      "   -0.599326    0.000079   -0.000078   -0.000080    0.000002    0.000001    0.000051   -0.000000    0.000000    0.000015   -0.000006   -0.000000   -0.000006    0.000000   -0.327845    0.179250    0.148175    0.000000   -0.000002   -0.000004    0.000059    0.000011    0.000011   -0.000009    0.000670    0.000669    0.000148   -0.000001    0.001097    0.000631    0.000200    0.000112   -0.003018   -0.000440   -0.000321   -0.000222   -0.000372   -0.000138    0.522813    0.537919    0.477928    0.000076\n",
      "   -0.000008    0.000000   -0.000000   -0.000000    0.000000    0.000000    0.000000   -0.000000    0.000000    0.000000   -0.000000    0.000000   -0.000000    0.000000   -0.000001    0.000000    0.000000    0.000000   -0.000000   -0.000000   -0.000000   -0.000000   -0.000000    0.000000    0.000000    0.000000    0.000000   -0.000000    0.000000    0.000000    0.000000   -0.000000   -0.000000   -0.000000   -0.000000   -0.000000   -0.000000   -0.000000   -0.000010   -0.000010   -0.000010    0.000000\n",
      "    0.000056   -0.000000    0.000000    0.000000   -0.000000   -0.000000    0.000000    0.000000    0.000000   -0.000000    0.000000   -0.000000   -0.000000    0.000000    0.000004   -0.000002   -0.000002   -0.000000    0.000000   -0.000000   -0.000000   -0.000000   -0.000000   -0.000001   -0.000000   -0.000000   -0.000000    0.000000   -0.000000   -0.000001   -0.000001   -0.000001    0.000000    0.000000   -0.000000    0.000000    0.000000   -0.000000    0.000079    0.000078    0.000078   -0.000000\n",
      "    0.000076   -0.000000    0.000000    0.000000   -0.000000   -0.000000   -0.000000    0.000000   -0.000000   -0.000000    0.000000   -0.000000   -0.000000   -0.000000    0.000009   -0.000004   -0.000004   -0.000000   -0.000000    0.000001    0.000000   -0.000001    0.000000   -0.000003   -0.000003   -0.000004   -0.000004    0.000000   -0.000001   -0.000002   -0.000002    0.000000    0.000002    0.000001    0.000000   -0.000000    0.000000    0.000001    0.000437    0.000441    0.000436   -0.000000\n",
      "    0.000086   -0.000000    0.000000    0.000000    0.000000   -0.000000   -0.000002   -0.000000   -0.000000    0.000000    0.000000   -0.000000   -0.000000    0.000000   -0.000117    0.000060    0.000059   -0.000000   -0.000000    0.000000    0.000012   -0.000000    0.000000   -0.000010   -0.000003   -0.000011   -0.000009    0.000000   -0.000015   -0.000010   -0.000025   -0.000005   -0.000020    0.000003    0.000004    0.000003    0.000004    0.000005    0.000953    0.000995    0.000961    0.000000\n",
      "   -0.000930    0.000000   -0.000000   -0.000000   -0.000000    0.000000    0.000000    0.000000    0.000000    0.000001   -0.000000    0.000000    0.000000    0.000000   -0.000033    0.000033    0.000011   -0.000000   -0.000000   -0.000001   -0.000000    0.000030   -0.000004    0.000023    0.000037    0.000045    0.000046    0.000000   -0.000012   -0.000021   -0.000021   -0.000002   -0.000016    0.000004    0.000008    0.000008    0.000008    0.000005   -0.003613   -0.003652   -0.003667    0.000000\n",
      "   -0.000081   -0.000000    0.000000    0.000000    0.000000   -0.000000   -0.000000   -0.000000    0.000000    0.000000    0.000000    0.000000    0.000000   -0.000000   -0.000021    0.000005    0.000011   -0.000000   -0.000000    0.000000    0.000000   -0.000004    0.000037   -0.000026   -0.000043   -0.000022   -0.000007   -0.000000    0.000006    0.000011   -0.000007    0.000008    0.000001   -0.000001   -0.000001   -0.000004   -0.000002   -0.000000    0.001545    0.001584    0.001595   -0.000000\n",
      "    0.091996    0.000033   -0.000034   -0.000033    0.000003    0.000000    0.000021   -0.000000    0.000000    0.000014    0.000004    0.000000   -0.000001    0.000001   -0.001031    0.000901   -0.000009    0.000000   -0.000001   -0.000003   -0.000010    0.000023   -0.000026    0.007220    0.006997    0.006790    0.007531    0.000001   -0.000230   -0.000209   -0.000606   -0.000243   -0.000069    0.000028    0.000085    0.000071   -0.000013   -0.000043   -0.728936   -0.723239   -0.732202   -0.000017\n",
      "    0.093523    0.000034   -0.000034   -0.000034    0.000003    0.000000    0.000019    0.000000    0.000000    0.000010    0.000002    0.000000    0.000000    0.000001   -0.002505    0.001688    0.000670    0.000000   -0.000000   -0.000003   -0.000003    0.000037   -0.000043    0.006997    0.007556    0.006793    0.007617    0.000001   -0.000378   -0.000384   -0.000908   -0.000218   -0.000208   -0.000045    0.000038    0.000005   -0.000084   -0.000122   -0.724244   -0.718681   -0.727989   -0.000017\n",
      "    0.087824    0.000032   -0.000032   -0.000032    0.000004    0.000001    0.000019   -0.000000    0.000000    0.000015    0.000006    0.000000   -0.000001    0.000001   -0.002569    0.001781    0.000669    0.000000   -0.000000   -0.000004   -0.000011    0.000045   -0.000022    0.006790    0.006793    0.006658    0.007170    0.000001   -0.000435   -0.000453   -0.000925   -0.000240   -0.000188    0.000035    0.000106    0.000089   -0.000001   -0.000031   -0.680440   -0.675102   -0.683506   -0.000008\n",
      "    0.099612    0.000036   -0.000036   -0.000036    0.000002    0.000000    0.000018   -0.000000    0.000000    0.000018    0.000004    0.000000    0.000000    0.000001   -0.001495    0.001135    0.000148    0.000000   -0.000000   -0.000004   -0.000009    0.000046   -0.000007    0.007531    0.007617    0.007170    0.008295    0.000001   -0.000260   -0.000193   -0.000670   -0.000201   -0.000014   -0.000028    0.000047    0.000043   -0.000076   -0.000104   -0.784182   -0.778363   -0.788286   -0.000017\n",
      "    0.000023    0.000000   -0.000000   -0.000000    0.000000    0.000000    0.000000    0.000000   -0.000000    0.000000   -0.000000    0.000000    0.000000   -0.000000    0.000002   -0.000001   -0.000001   -0.000000    0.000000    0.000000    0.000000    0.000000   -0.000000    0.000001    0.000001    0.000001    0.000001    0.000000   -0.000000   -0.000000   -0.000000   -0.000000    0.000000   -0.000000   -0.000000    0.000000   -0.000000   -0.000000   -0.000039   -0.000038   -0.000038    0.000000\n",
      "   -0.220229    0.000024   -0.000025   -0.000024   -0.000007   -0.000001   -0.000036   -0.000000   -0.000000    0.000008    0.000026    0.000000    0.000001    0.000001   -0.003052    0.001933    0.001097    0.000000   -0.000000   -0.000001   -0.000015   -0.000012    0.000006   -0.000230   -0.000378   -0.000435   -0.000260   -0.000000    0.010113    0.009251    0.011351   -0.000245   -0.000550   -0.000132   -0.000150   -0.000365   -0.000158   -0.000303   -0.680262   -0.680953   -0.682734    0.000014\n",
      "   -0.221662    0.000024   -0.000024   -0.000024   -0.000005   -0.000000   -0.000044   -0.000000   -0.000000    0.000007    0.000021    0.000000    0.000002    0.000001   -0.001863    0.001140    0.000631    0.000000   -0.000001   -0.000002   -0.000010   -0.000021    0.000011   -0.000209   -0.000384   -0.000453   -0.000193   -0.000000    0.009251    0.009554    0.010753   -0.000123   -0.000313   -0.000019   -0.000057   -0.000322   -0.000052   -0.000269   -0.679977   -0.679924   -0.681500    0.000000\n",
      "   -0.262052    0.000026   -0.000026   -0.000026   -0.000007   -0.000001   -0.000054   -0.000000   -0.000000    0.000005    0.000014    0.000000   -0.000000    0.000001   -0.000903    0.000670    0.000200    0.000000   -0.000001   -0.000002   -0.000025   -0.000021   -0.000007   -0.000606   -0.000908   -0.000925   -0.000670   -0.000000    0.011351    0.010753    0.013550   -0.000184   -0.000312   -0.000138   -0.000151   -0.000247   -0.000161   -0.000397   -0.742674   -0.743500   -0.745034    0.000007\n",
      "   -0.002162   -0.000001    0.000001    0.000001    0.000001   -0.000000    0.000000   -0.000000   -0.000000   -0.000003   -0.000002   -0.000000    0.000000   -0.000000   -0.000091   -0.000011    0.000112   -0.000000   -0.000001    0.000000   -0.000005   -0.000002    0.000008   -0.000243   -0.000218   -0.000240   -0.000201   -0.000000   -0.000245   -0.000123   -0.000184    0.000138    0.000293   -0.000036   -0.000036   -0.000028   -0.000028   -0.000031    0.036581    0.036545    0.036537   -0.000001\n",
      "    0.003407   -0.000002    0.000002    0.000001   -0.000000    0.000001    0.000015   -0.000000    0.000000    0.000011   -0.000002    0.000000    0.000001    0.000000    0.005996   -0.003158   -0.003018   -0.000000    0.000000    0.000002   -0.000020   -0.000016    0.000001   -0.000069   -0.000208   -0.000188   -0.000014    0.000000   -0.000550   -0.000313   -0.000312    0.000293    0.008110    0.000091    0.000066    0.000153   -0.000038   -0.000005    0.015731    0.014064    0.015807    0.000013\n",
      "    0.002121    0.000000   -0.000000   -0.000000   -0.000000    0.000000   -0.000000   -0.000000    0.000000   -0.000000    0.000001    0.000000    0.000000    0.000000    0.000912   -0.000497   -0.000440   -0.000000    0.000000    0.000001    0.000003    0.000004   -0.000001    0.000028   -0.000045    0.000035   -0.000028   -0.000000   -0.000132   -0.000019   -0.000138   -0.000036    0.000091    0.000200    0.000193    0.000134    0.000176    0.000175   -0.012577   -0.012233   -0.012297    0.000004\n",
      "    0.002945    0.000000   -0.000000   -0.000000   -0.000001    0.000000   -0.000001    0.000000    0.000000   -0.000001   -0.000002   -0.000000   -0.000000    0.000000    0.000653   -0.000360   -0.000321   -0.000000   -0.000000    0.000000    0.000004    0.000008   -0.000001    0.000085    0.000038    0.000106    0.000047   -0.000000   -0.000150   -0.000057   -0.000151   -0.000036    0.000066    0.000193    0.000248    0.000117    0.000192    0.000143   -0.016881   -0.016894   -0.016751    0.000007\n",
      "    0.008319   -0.000000   -0.000000    0.000000   -0.000001    0.000000   -0.000003   -0.000000    0.000000   -0.000003    0.000001   -0.000000   -0.000002   -0.000000    0.000546   -0.000304   -0.000222   -0.000000    0.000000   -0.000000    0.000003    0.000008   -0.000004    0.000071    0.000005    0.000089    0.000043    0.000000   -0.000365   -0.000322   -0.000247   -0.000028    0.000153    0.000134    0.000117    0.000936    0.000154    0.000078    0.000767    0.001486    0.001392    0.000000\n",
      "    0.001115   -0.000000    0.000000    0.000000   -0.000001    0.000000    0.000000    0.000000    0.000000   -0.000000   -0.000000   -0.000000    0.000000    0.000000    0.000791   -0.000429   -0.000372   -0.000000    0.000000    0.000000    0.000004    0.000008   -0.000002   -0.000013   -0.000084   -0.000001   -0.000076   -0.000000   -0.000158   -0.000052   -0.000161   -0.000028   -0.000038    0.000176    0.000192    0.000154    0.000232    0.000156   -0.004393   -0.004298   -0.004255    0.000005\n",
      "    0.006746   -0.000001    0.000001    0.000001   -0.000001    0.000000   -0.000001   -0.000000   -0.000000   -0.000001   -0.000002   -0.000000    0.000001    0.000000    0.000256   -0.000144   -0.000138   -0.000000   -0.000000    0.000001    0.000005    0.000005   -0.000000   -0.000043   -0.000122   -0.000031   -0.000104   -0.000000   -0.000303   -0.000269   -0.000397   -0.000031   -0.000005    0.000175    0.000143    0.000078    0.000156    0.000361    0.014625    0.014413    0.014507    0.000007\n",
      "-2786880957587.266113-31891763.91263631891763.91274131891763.912546   -0.000357   -0.000032   -0.001271   -0.000000   -0.000003   -0.001128   -0.000754   -0.000002    0.000105   -0.000038    0.098124   -0.078574   -0.011006   -0.000003   -0.000014    0.000175    0.000830   -0.000901    0.000549   -0.467104   -0.467363   -0.448532   -0.493356   -0.000039   -0.070275   -0.040694   -0.042655    0.018553    0.032676   -0.001690   -0.006115   -0.007707    0.001704    0.0052612786880957635.7714842786880957635.4965822786880957635.910156    0.000600\n",
      "-2786880957587.168945-31891763.91262131891763.91272531891763.912531   -0.000364   -0.000034   -0.001288   -0.000000   -0.000003   -0.001033   -0.000750   -0.000002    0.000116   -0.000037    0.105729   -0.081740   -0.014945   -0.000004   -0.000013    0.000180    0.000863   -0.000946    0.000583   -0.462914   -0.463297   -0.444709   -0.489169   -0.000038   -0.072380   -0.042140   -0.044911    0.018564    0.031025   -0.001336   -0.006156   -0.006973    0.001815    0.0050752786880957635.4213872786880957635.1757812786880957635.575684    0.000501\n",
      "-2786880957587.251953-31891763.91265131891763.91275631891763.912561   -0.000350   -0.000033   -0.001281   -0.000000   -0.000003   -0.001023   -0.000769   -0.000002    0.000110   -0.000038    0.108295   -0.083147   -0.016021   -0.000003   -0.000015    0.000170    0.000856   -0.000924    0.000589   -0.468885   -0.469335   -0.449916   -0.495851   -0.000038   -0.071888   -0.041313   -0.044364    0.018449    0.031655   -0.001448   -0.005976   -0.007049    0.001814    0.0051352786880957636.0136722786880957635.7543952786880957636.182129    0.000394\n",
      "   -0.000560    0.000000    0.000000   -0.000000   -0.000000    0.000000    0.000000    0.000000   -0.000000   -0.000000   -0.000000    0.000000    0.000000    0.000000   -0.000124    0.000035    0.000076    0.000000   -0.000000   -0.000000    0.000000    0.000000   -0.000000   -0.000017   -0.000017   -0.000008   -0.000017    0.000000    0.000014    0.000000    0.000007   -0.000001    0.000013    0.000004    0.000007    0.000000    0.000005    0.000007    0.001047    0.000947    0.000840    0.000006\n",
      "================================ END OF REPORT =====================================\n"
     ]
    }
   ],
   "source": [
    "print(mllag.summary)"
   ]
  },
  {
   "cell_type": "markdown",
   "metadata": {},
   "source": [
    "### RMSE in-sample"
   ]
  },
  {
   "cell_type": "code",
   "execution_count": 24,
   "metadata": {},
   "outputs": [
    {
     "name": "stdout",
     "output_type": "stream",
     "text": [
      "1.7487635476473689\n"
     ]
    }
   ],
   "source": [
    "y_name = \"percent_vaccinated_log\"\n",
    "y = db_train[y_name].values\n",
    "mllag.predy\n",
    "rmse = np.sqrt(np.sum((y - mllag.predy)**2)/len(y))\n",
    "print(rmse)"
   ]
  },
  {
   "cell_type": "markdown",
   "metadata": {},
   "source": [
    "## On test dataset"
   ]
  },
  {
   "cell_type": "code",
   "execution_count": 25,
   "metadata": {},
   "outputs": [
    {
     "data": {
      "text/plain": [
       "(array([[-3.46721754e+01],\n",
       "        [-1.98181847e+07],\n",
       "        [ 1.98181847e+07],\n",
       "        [ 1.98181847e+07],\n",
       "        [ 2.23403325e-03],\n",
       "        [-5.36711039e-04],\n",
       "        [ 9.12000787e-03],\n",
       "        [-7.08041878e-07],\n",
       "        [-2.20152232e-05],\n",
       "        [-7.08957573e-03],\n",
       "        [-3.11691898e-03],\n",
       "        [-8.57309179e-06],\n",
       "        [ 1.04768107e-03],\n",
       "        [-3.17522809e-04],\n",
       "        [ 1.89313899e+01],\n",
       "        [-9.45738749e+00],\n",
       "        [-9.09819112e+00],\n",
       "        [ 5.95233636e-05],\n",
       "        [-1.95080128e-04],\n",
       "        [-4.80013029e-05],\n",
       "        [-2.16734104e-03],\n",
       "        [ 8.57773315e-03],\n",
       "        [ 3.15582612e-03],\n",
       "        [ 1.51778169e-01],\n",
       "        [ 8.95963134e-02],\n",
       "        [ 1.40411696e-01],\n",
       "        [ 1.47515165e-01],\n",
       "        [-3.67181526e-05],\n",
       "        [ 2.46734645e-01],\n",
       "        [ 2.50964296e-01],\n",
       "        [ 2.84131509e-01],\n",
       "        [ 1.80715019e-03],\n",
       "        [-5.51296231e-02],\n",
       "        [-5.82266870e-04],\n",
       "        [ 4.42496436e-03],\n",
       "        [-1.06635243e-02],\n",
       "        [ 3.91338094e-03],\n",
       "        [-4.37325079e-03],\n",
       "        [-2.57815153e+00],\n",
       "        [-2.12465916e+00],\n",
       "        [-1.36540824e+00],\n",
       "        [ 9.75156068e-01]]),\n",
       " 0.9751560679930943)"
      ]
     },
     "execution_count": 25,
     "metadata": {},
     "output_type": "execute_result"
    }
   ],
   "source": [
    "# firguring out betas and rho\n",
    "# first beta is intercept\n",
    "# last beta is rho\n",
    "mllag.betas, mllag.rho"
   ]
  },
  {
   "cell_type": "code",
   "execution_count": 26,
   "metadata": {},
   "outputs": [
    {
     "name": "stdout",
     "output_type": "stream",
     "text": [
      "15.682449430552015\n"
     ]
    },
    {
     "name": "stderr",
     "output_type": "stream",
     "text": [
      "/tmp/ipykernel_282107/895585023.py:5: FutureWarning: `use_index` defaults to False but will default to True in future. Set True/False directly to control this behavior and silence this warning\n",
      "  w = Queen.from_dataframe(gdf_test)\n"
     ]
    }
   ],
   "source": [
    "# Predict on the test dataset\n",
    "# Prepare y_test\n",
    "y_test = db_test[\"percent_vaccinated_log\"].values\n",
    "# Create a spatial weights object\n",
    "w = Queen.from_dataframe(gdf_test)\n",
    "# Calcualte Wy\n",
    "w_array = w.to_sparse().toarray()\n",
    "row_sums = w_array.sum(axis=1)\n",
    "w_array_normalized = w_array / row_sums[:, np.newaxis]\n",
    "Wy = np.dot(w_array_normalized, y_test)\n",
    "# Calculate y_pred\n",
    "y_pred = mllag.betas[0] + np.dot(db_test[x_names].values,mllag.betas[1:-1]) + mllag.betas[-1]*Wy\n",
    "# Calculate RMSE\n",
    "rmse = np.sqrt(np.sum((y_test - y_pred)**2)/len(y_test))\n",
    "print(rmse)"
   ]
  },
  {
   "cell_type": "markdown",
   "metadata": {},
   "source": [
    "# SDM"
   ]
  },
  {
   "cell_type": "markdown",
   "metadata": {},
   "source": [
    "## In-sample"
   ]
  },
  {
   "cell_type": "code",
   "execution_count": 28,
   "metadata": {},
   "outputs": [
    {
     "name": "stderr",
     "output_type": "stream",
     "text": [
      "/tmp/ipykernel_282107/3696663853.py:2: FutureWarning: `use_index` defaults to False but will default to True in future. Set True/False directly to control this behavior and silence this warning\n",
      "  w = Queen.from_dataframe(gdf_train)\n"
     ]
    },
    {
     "name": "stdout",
     "output_type": "stream",
     "text": [
      "Warning: Latex output not implemented yet. Using standard output instead.\n"
     ]
    },
    {
     "name": "stderr",
     "output_type": "stream",
     "text": [
      "/home/maciej/anaconda3/envs/mlenv/lib/python3.8/site-packages/spreg/diagnostics.py:354: RuntimeWarning: invalid value encountered in sqrt\n",
      "  se_result = np.sqrt(variance)\n",
      "/home/maciej/anaconda3/envs/mlenv/lib/python3.8/site-packages/spreg/diagnostics.py:170: RuntimeWarning: invalid value encountered in sqrt\n",
      "  ) / np.sqrt(variance)\n"
     ]
    }
   ],
   "source": [
    "# Create a spatial weights object\n",
    "w = Queen.from_dataframe(gdf_train)\n",
    "ds_name = \"municipalities_train\"\n",
    "y_name = \"percent_vaccinated_log\"\n",
    "y = db_train[y_name].values\n",
    "y.shape = (len(y),1)\n",
    "x_names = db_train.columns.to_list()\n",
    "x_names.remove(\"county_code\")\n",
    "x_names.remove(\"county_name\")\n",
    "x_names.remove(\"voivodeship\")\n",
    "x_names.remove(\"municipality_code_old\")\n",
    "x_names.remove(\"municipality_code\")\n",
    "x_names.remove(\"splag_percent_vaccinated\")\n",
    "x_names.remove(\"percent_vaccinated\")\n",
    "x_names.remove(\"percent_vaccinated_log\")\n",
    "x_names.remove(\"municipality_name\")\n",
    "x = db_train[x_names].values.astype('float64')\n",
    "w_name = \"border_contiguity\"\n",
    "w.transform = 'r'\n",
    "mllag_SDM = ML_Lag(y,x,w,slx_lags=1,name_y=y_name,name_x=x_names,name_w=w_name,name_ds=ds_name,vm=True, latex=True) \n"
   ]
  },
  {
   "cell_type": "code",
   "execution_count": 29,
   "metadata": {},
   "outputs": [
    {
     "name": "stdout",
     "output_type": "stream",
     "text": [
      "REGRESSION RESULTS\n",
      "------------------\n",
      "\n",
      "SUMMARY OF OUTPUT: MAXIMUM LIKELIHOOD SPATIAL LAG WITH SLX - SPATIAL DURBIN MODEL (METHOD = FULL)\n",
      "-------------------------------------------------------------------------------------------------\n",
      "Data set            :municipalities_train\n",
