{
 "cells": [
  {
   "cell_type": "markdown",
   "metadata": {},
   "source": [
    "# Imports"
   ]
  },
  {
   "cell_type": "code",
   "execution_count": 2,
   "metadata": {},
   "outputs": [],
   "source": [
    "import pandas as pd\n",
    "import numpy as np\n",
    "import spreg\n",
    "import libpysal\n",
    "import geopandas as gpd\n",
    "from libpysal.weights import Queen\n",
    "from spreg import ML_Lag"
   ]
  },
  {
   "cell_type": "markdown",
   "metadata": {},
   "source": [
    "# Data"
   ]
  },
  {
   "cell_type": "code",
   "execution_count": 3,
   "metadata": {},
   "outputs": [
    {
     "name": "stderr",
     "output_type": "stream",
     "text": [
      "/tmp/ipykernel_393029/4222980969.py:10: SettingWithCopyWarning: \n",
      "A value is trying to be set on a copy of a slice from a DataFrame\n",
      "\n",
      "See the caveats in the documentation: https://pandas.pydata.org/pandas-docs/stable/user_guide/indexing.html#returning-a-view-versus-a-copy\n",
      "  db_train.drop(columns=[\"municipality_code_str\"], inplace=True)\n",
      "/tmp/ipykernel_393029/4222980969.py:11: SettingWithCopyWarning: \n",
      "A value is trying to be set on a copy of a slice from a DataFrame\n",
      "\n",
      "See the caveats in the documentation: https://pandas.pydata.org/pandas-docs/stable/user_guide/indexing.html#returning-a-view-versus-a-copy\n",
      "  db_test.drop(columns=[\"municipality_code_str\"], inplace=True)\n"
     ]
    },
    {
     "name": "stdout",
     "output_type": "stream",
     "text": [
      "(2251, 48) (226, 48)\n",
      "(2251, 3) (226, 3)\n"
     ]
    }
   ],
   "source": [
    "# Read in the data\n",
    "db = pd.read_csv('../_data/data_municipalities_final.csv')\n",
    "\n",
    "# Train and test datasets (test on Wielkopolskie)\n",
    "db[\"municipality_code_str\"] = db[\"municipality_code\"].astype(str)\n",
    "db.loc[:607, 'municipality_code_str'] = '0' + db.loc[:607, 'municipality_code'].astype(str)\n",
    "db_train = db[db[\"municipality_code_str\"].str[0:2] != \"30\"]\n",
    "db_test = db[db[\"municipality_code_str\"].str[0:2] == \"30\"]\n",
    "# drop\n",
    "db_train.drop(columns=[\"municipality_code_str\"], inplace=True)\n",
    "db_test.drop(columns=[\"municipality_code_str\"], inplace=True)\n",
    "print(db_train.shape, db_test.shape)\n",
    "# Specify the path to the shapefile\n",
    "shapefile_path = '../_data/shapefile/map_municipalities.shp'\n",
    "\n",
    "# Read the shapefile\n",
    "gdf = gpd.read_file(shapefile_path)\n",
    "\n",
    "# Train and test datasets\n",
    "gdf_train = gdf[gdf[\"mncplty_c\"].str[0:2] != \"30\"]\n",
    "gdf_test = gdf[gdf[\"mncplty_c\"].str[0:2] == \"30\"]\n",
    "print(gdf_train.shape, gdf_test.shape)"
   ]
  },
  {
   "cell_type": "markdown",
   "metadata": {},
   "source": [
    "# SAR Model"
   ]
  },
  {
   "cell_type": "markdown",
   "metadata": {},
   "source": [
    "## On train dataset"
   ]
  },
  {
   "cell_type": "code",
   "execution_count": 6,
   "metadata": {},
   "outputs": [
    {
     "name": "stderr",
     "output_type": "stream",
     "text": [
      "/tmp/ipykernel_393029/1104183743.py:2: FutureWarning: `use_index` defaults to False but will default to True in future. Set True/False directly to control this behavior and silence this warning\n",
      "  w = Queen.from_dataframe(gdf_train)\n"
     ]
    },
    {
     "name": "stdout",
     "output_type": "stream",
     "text": [
      "['population_total', 'population_total_m', 'population_total_f', 'area_km2', 'population_density', 'urbanization_rate', 'healthcare_advices', 'population_per_pharmacy', 'installations_network_gas', 'appartments_per_1000_persons', 'persons_per_library', 'library_readers_per_1000_persons', 'forests_area', 'unemployment_rate', 'unemployment_rate_m', 'unemployment_rate_f', 'revenues_per_capita', 'revenues_per_capita_PIT', 'revenues_per_capita_CIT', 'net_scholarization', 'average_wage_relative', 'doctors_per_1000_persons', 'education_share_higher', 'education_share_secondary', 'education_share_vocational', 'education_share_primary', 'tourits_per_1000_persons', 'percent_population_below_25', 'percent_population_25_60', 'percent_population_over_60', 'election_presence', 'percent_invalid_votes', 'PIS_party', 'KO_party', 'KONFEDERACJA_party', 'PSL_party', 'SLD_party', 'partition_austrian', 'partition_prussian', 'partition_russian']\n"
     ]
    }
   ],
   "source": [
    "# Create a spatial weights object\n",
    "w = Queen.from_dataframe(gdf_train)\n",
    "ds_name = \"municipalities_train\"\n",
    "y_name = \"percent_vaccinated_log\"\n",
    "y = db_train[y_name].values\n",
    "y.shape = (len(y),1)\n",
    "x_names = db_train.columns.to_list()\n",
    "x_names.remove(\"county_code\")\n",
    "x_names.remove(\"county_name\")\n",
    "x_names.remove(\"voivodeship\")\n",
    "x_names.remove(\"municipality_code_old\")\n",
    "x_names.remove(\"municipality_code\")\n",
    "x_names.remove(\"percent_vaccinated\")\n",
    "x_names.remove(\"percent_vaccinated_log\")\n",
    "x_names.remove(\"municipality_name\")\n",
    "print(x_names)\n",
    "x = db_train[x_names].values.astype('float64')\n",
    "w_name = \"border_contiguity\"\n",
    "w.transform = 'r'\n",
    "mllag = ML_Lag(y=y,x=x,w=w,name_y=y_name,name_x=x_names,name_w=w_name,name_ds=ds_name,vm=True, latex=True)"
   ]
  },
  {
   "cell_type": "code",
   "execution_count": 5,
   "metadata": {},
   "outputs": [
    {
     "name": "stdout",
     "output_type": "stream",
     "text": [
      "REGRESSION RESULTS\n",
      "------------------\n",
      "\n",
      "SUMMARY OF OUTPUT: MAXIMUM LIKELIHOOD SPATIAL LAG (METHOD = FULL)\n",
      "-----------------------------------------------------------------\n",
      "Data set            :municipalities_train\n",
      "Weights matrix      :border_contiguity\n",
      "Dependent Variable  :percent_vaccinated_log                Number of Observations:        2251\n",
      "Mean dependent var  :      0.0650                Number of Variables   :          42\n",
      "S.D. dependent var  :      0.3194                Degrees of Freedom    :        2209\n",
      "Pseudo R-squared    :      0.1256\n",
      "Spatial Pseudo R-squared:  0.1370\n",
      "Log likelihood      :  -6267.1964\n",
      "Sigma-square ML     :     15.0680                Akaike info criterion :   12618.393\n",
      "S.E of regression   :      3.8817                Schwarz criterion     :   12858.596\n",
      "\n",
      "------------------------------------------------------------------------------------\n",
      "            Variable     Coefficient       Std.Error     z-Statistic     Probability\n",
      "------------------------------------------------------------------------------------\n",
      "            CONSTANT       -37.64786    8421569.25856        -0.00000         1.00000\n",
      "    population_total    4340955.23190    \n",
      "  population_total_m    -4340955.23174    \n",
      "  population_total_f    -4340955.23198    \n",
      "            area_km2        -0.01601         0.00154       -10.42498         0.00000\n",
      "  population_density        -0.00163         0.00032        -5.14484         0.00000\n",
      "   urbanization_rate         0.04504         0.00430        10.47141         0.00000\n",
      "  healthcare_advices        -0.00001         0.00000        -2.94646         0.00321\n",
      "population_per_pharmacy         0.00011         0.00003         3.42522         0.00061\n",
      "installations_network_gas         0.00400         0.00396         1.01039         0.31231\n",
      "appartments_per_1000_persons         0.01362         0.00252         5.39962         0.00000\n",
      " persons_per_library        -0.00013         0.00003        -4.43330         0.00001\n",
      "library_readers_per_1000_persons        -0.01132         0.00188        -6.01789         0.00000\n",
      "        forests_area         0.00072         0.00012         5.72959         0.00000\n",
      "   unemployment_rate       -33.26047         1.89580       -17.54433         0.00000\n",
      " unemployment_rate_m        16.94154         1.04486        16.21425         0.00000\n",
      " unemployment_rate_f        15.92510         0.85424        18.64238         0.00000\n",
      " revenues_per_capita         0.00004         0.00008         0.45605         0.64835\n",
      "revenues_per_capita_PIT        -0.00038         0.00044        -0.87312         0.38260\n",
      "revenues_per_capita_CIT        -0.00052         0.00173        -0.30104         0.76338\n",
      "  net_scholarization         0.00172         0.00758         0.22657         0.82076\n",
      "average_wage_relative         0.00396         0.01216         0.32560         0.74472\n",
      "doctors_per_1000_persons         0.01495         0.01345         1.11158         0.26632\n",
      "education_share_higher        -0.20766         0.18802        -1.10444         0.26940\n",
      "education_share_secondary        -0.27986         0.19233        -1.45509         0.14564\n",
      "education_share_vocational        -0.12618         0.18097        -0.69721         0.48567\n",
      "education_share_primary        -0.20095         0.20160        -0.99678         0.31887\n",
      "tourits_per_1000_persons        -0.00023         0.00009        -2.55174         0.01072\n",
      "percent_population_below_25         0.63731         0.22310         2.85659         0.00428\n",
      "percent_population_25_60         0.70046         0.21715         3.22567         0.00126\n",
      "percent_population_over_60         0.62752         0.25850         2.42749         0.01520\n",
      "   election_presence         0.02117         0.02608         0.81176         0.41693\n",
      "percent_invalid_votes        -0.31071         0.19963        -1.55640         0.11961\n",
      "           PIS_party        -0.03492         0.03123        -1.11803         0.26355\n",
      "            KO_party        -0.01819         0.03437        -0.52922         0.59665\n",
      "  KONFEDERACJA_party         0.00665         0.06799         0.09785         0.92205\n",
      "           PSL_party        -0.01077         0.03353        -0.32122         0.74805\n",
      "           SLD_party         0.02476         0.04169         0.59394         0.55255\n",
      "  partition_austrian        -8.44859    8421569.25850        -0.00000         1.00000\n",
      "  partition_prussian        -6.21935    8421569.25850        -0.00000         1.00000\n",
      "   partition_russian        -7.47509    8421569.25850        -0.00000         1.00000\n",
      "W_percent_vaccinated_log         0.30803         0.02519        12.22626         0.00000\n",
      "------------------------------------------------------------------------------------\n",
      "\n",
      "COEFFICIENTS VARIANCE MATRIX\n",
      "----------------------------\n",
      "    CONSTANTpopulation_totalpopulation_total_mpopulation_total_f    area_km2population_densityurbanization_ratehealthcare_advicespopulation_per_pharmacyinstallations_network_gasappartments_per_1000_personspersons_per_librarylibrary_readers_per_1000_personsforests_areaunemployment_rateunemployment_rate_munemployment_rate_frevenues_per_capitarevenues_per_capita_PITrevenues_per_capita_CITnet_scholarizationaverage_wage_relativedoctors_per_1000_personseducation_share_highereducation_share_secondaryeducation_share_vocationaleducation_share_primarytourits_per_1000_personspercent_population_below_25percent_population_25_60percent_population_over_60election_presencepercent_invalid_votes   PIS_party    KO_partyKONFEDERACJA_party   PSL_party   SLD_partypartition_austrianpartition_prussianpartition_russianW_percent_vaccinated_log\n",
      "70922828776677.203125-1083550551.2638331083550551.2679301083550551.260115    0.012178    0.001518    0.164375   -0.000004    0.000257   -0.028090   -0.063956   -0.000197   -0.003729   -0.003297   12.814868   -7.214863   -5.405366   -0.000364    0.003171    0.004382    0.032005   -0.003300   -0.070995    5.814356    6.953374    6.443060    6.318368    0.002169  -33.069722  -33.748824  -38.840584    0.313769    1.378713   -0.014824    0.141422    0.957387    0.051408    0.901876-70922828773949.125000-70922828773937.750000-70922828773947.687500    0.143132\n",
      "-462509952.170016-25684.92034825666.70639925641.041585   -0.000000   -0.000000   -0.000001    0.000000   -0.000000    0.000000    0.000000    0.000000    0.000000    0.000000    0.000146   -0.000079   -0.000068    0.000000   -0.000000   -0.000000   -0.000000   -0.000000    0.000001   -0.000052   -0.000059   -0.000055   -0.000056   -0.000000    0.000202    0.000206    0.000237   -0.000002   -0.000007    0.000002    0.000000   -0.000005    0.000001   -0.000004464242244.376838463382931.212228462400706.193969   -0.000001\n",
      "462509952.16963125684.920348-25666.706399-25641.041585    0.000000    0.000000    0.000001   -0.000000    0.000000   -0.000000   -0.000000   -0.000000   -0.000000   -0.000000   -0.000152    0.000083    0.000071   -0.000000    0.000000    0.000000    0.000000    0.000000   -0.000001    0.000050    0.000058    0.000053    0.000055    0.000000   -0.000202   -0.000207   -0.000236    0.000001    0.000009   -0.000002   -0.000000    0.000005   -0.000001    0.000004-464242244.376240-463382931.211627-462400706.193373    0.000001\n",
      "462509952.17035025684.920349-25666.706399-25641.041585    0.000000    0.000000    0.000001   -0.000000    0.000000   -0.000000   -0.000000   -0.000000   -0.000000   -0.000000   -0.000141    0.000076    0.000066   -0.000000    0.000000    0.000000    0.000000    0.000000   -0.000000    0.000053    0.000060    0.000056    0.000057    0.000000   -0.000201   -0.000205   -0.000237    0.000002    0.000005   -0.000001   -0.000000    0.000006   -0.000001    0.000003-464242244.377367-463382931.212759-462400706.194495    0.000001\n",
      "   -0.000366   -0.000000    0.000000    0.000000    0.000002    0.000000   -0.000000   -0.000000   -0.000000    0.000000   -0.000000    0.000000    0.000000   -0.000000   -0.000033    0.000021    0.000009    0.000000   -0.000000   -0.000000    0.000001   -0.000001    0.000000    0.000014    0.000011    0.000020    0.000007    0.000000   -0.000032   -0.000028   -0.000035    0.000007   -0.000000   -0.000001   -0.000004   -0.000002   -0.000005   -0.000006    0.001694    0.001717    0.001893    0.000003\n",
      "   -0.000037   -0.000000    0.000000    0.000000    0.000000    0.000000   -0.000000   -0.000000    0.000000   -0.000000   -0.000000   -0.000000   -0.000000   -0.000000   -0.000013    0.000008    0.000005    0.000000   -0.000000   -0.000000   -0.000000    0.000000   -0.000000    0.000002    0.000002    0.000003    0.000001    0.000000   -0.000003   -0.000002   -0.000003   -0.000000    0.000003    0.000000   -0.000000    0.000001    0.000000    0.000000    0.000089    0.000084    0.000078    0.000000\n",
      "    0.003805   -0.000004    0.000004    0.000004   -0.000000   -0.000000    0.000019   -0.000000    0.000000   -0.000003   -0.000001   -0.000000   -0.000001   -0.000000   -0.000566    0.000293    0.000255    0.000000    0.000000   -0.000001   -0.000008    0.000002    0.000000    0.000107    0.000094    0.000097    0.000088    0.000000   -0.000177   -0.000217   -0.000265    0.000001    0.000074   -0.000001   -0.000005   -0.000015    0.000001   -0.000004    0.009353    0.009349    0.009909   -0.000004\n",
      "   -0.000001   -0.000000    0.000000    0.000000   -0.000000   -0.000000   -0.000000    0.000000    0.000000   -0.000000   -0.000000   -0.000000   -0.000000    0.000000    0.000000   -0.000000   -0.000000   -0.000000    0.000000    0.000000   -0.000000    0.000000   -0.000000   -0.000000    0.000000   -0.000000   -0.000000    0.000000   -0.000000   -0.000000   -0.000000   -0.000000   -0.000000   -0.000000    0.000000   -0.000000   -0.000000   -0.000000    0.000002    0.000002    0.000002    0.000000\n",
      "    0.000040   -0.000000    0.000000    0.000000   -0.000000    0.000000    0.000000    0.000000    0.000000   -0.000000    0.000000   -0.000000   -0.000000   -0.000000   -0.000002    0.000001    0.000001    0.000000    0.000000   -0.000000   -0.000000    0.000000    0.000000    0.000000    0.000000    0.000000    0.000000   -0.000000   -0.000000   -0.000000   -0.000000   -0.000000    0.000000    0.000000    0.000000    0.000000    0.000000   -0.000000   -0.000029   -0.000029   -0.000030    0.000000\n",
      "    0.016905    0.000001   -0.000001   -0.000001    0.000000   -0.000000   -0.000003   -0.000000   -0.000000    0.000016    0.000001   -0.000000    0.000000    0.000000   -0.000199    0.000124    0.000072    0.000000   -0.000000   -0.000001    0.000001    0.000004    0.000002    0.000069    0.000051    0.000073    0.000088    0.000000    0.000039    0.000033    0.000023   -0.000015    0.000054   -0.000002   -0.000004   -0.000012   -0.000000   -0.000007   -0.026585   -0.026323   -0.026162    0.000002\n",
      "    0.025793    0.000002   -0.000002   -0.000002   -0.000000   -0.000000   -0.000001   -0.000000    0.000000    0.000001    0.000006   -0.000000   -0.000000   -0.000000    0.000036   -0.000019   -0.000022   -0.000000    0.000000    0.000000    0.000001   -0.000002    0.000002    0.000021    0.000010    0.000027    0.000018   -0.000000    0.000130    0.000104    0.000068   -0.000009   -0.000007    0.000003   -0.000009    0.000005   -0.000002   -0.000009   -0.039127   -0.039275   -0.039402   -0.000001\n",
      "    0.000045    0.000000   -0.000000   -0.000000    0.000000   -0.000000   -0.000000   -0.000000   -0.000000   -0.000000   -0.000000    0.000000    0.000000    0.000000    0.000001   -0.000000   -0.000000    0.000000   -0.000000   -0.000000   -0.000000    0.000000    0.000000    0.000000    0.000000    0.000000    0.000000    0.000000    0.000000    0.000000    0.000000   -0.000000    0.000000    0.000000   -0.000000   -0.000000   -0.000000   -0.000000   -0.000075   -0.000075   -0.000077    0.000000\n",
      "    0.002000    0.000000   -0.000000   -0.000000    0.000000   -0.000000   -0.000001   -0.000000   -0.000000    0.000000   -0.000000    0.000000    0.000004    0.000000    0.000063   -0.000031   -0.000033   -0.000000   -0.000000   -0.000000   -0.000002    0.000001    0.000001   -0.000002    0.000003   -0.000003    0.000002    0.000000    0.000003    0.000008   -0.000001    0.000000    0.000006    0.000001   -0.000001   -0.000009    0.000000    0.000003   -0.002716   -0.002634   -0.002646   -0.000000\n",
      "    0.000937    0.000000   -0.000000   -0.000000   -0.000000   -0.000000   -0.000000    0.000000   -0.000000    0.000000   -0.000000    0.000000    0.000000    0.000000   -0.000002    0.000000    0.000001    0.000000    0.000000   -0.000000    0.000000    0.000000   -0.000000    0.000003    0.000003    0.000003    0.000003   -0.000000    0.000004    0.000005    0.000005   -0.000000    0.000001   -0.000000    0.000000   -0.000000    0.000000    0.000000   -0.001698   -0.001705   -0.001707   -0.000000\n",
      "   18.018503    0.001408   -0.001430   -0.001409   -0.000033   -0.000013   -0.000566    0.000000   -0.000002   -0.000199    0.000036    0.000001    0.000063   -0.000002    3.594044   -1.975458   -1.615497   -0.000004    0.000019    0.000044   -0.000536   -0.000183   -0.000136   -0.006518   -0.013749   -0.013784   -0.008682    0.000011   -0.014823   -0.010244   -0.004930   -0.000529    0.030213    0.004868    0.003800    0.003110    0.004399    0.001820  -17.392837  -17.214261  -16.935787    0.003010\n",
      "   -9.544664   -0.000748    0.000760    0.000748    0.000021    0.000008    0.000293   -0.000000    0.000001    0.000124   -0.000019   -0.000000   -0.000031    0.000000   -1.975458    1.091722    0.884099    0.000002   -0.000009   -0.000020    0.000281    0.000172    0.000036    0.004816    0.008669    0.009120    0.005916   -0.000007    0.009593    0.006030    0.003568   -0.000037   -0.015682   -0.002556   -0.001924   -0.001662   -0.002252   -0.000849    8.963785    8.883870    8.724164   -0.001174\n",
      "   -8.716625   -0.000669    0.000680    0.000670    0.000009    0.000005    0.000255   -0.000000    0.000001    0.000072   -0.000022   -0.000000   -0.000033    0.000001   -1.615497    0.884099    0.729729    0.000002   -0.000009   -0.000020    0.000271    0.000067    0.000071    0.000850    0.004183    0.003970    0.001556   -0.000005    0.005206    0.003696    0.001208    0.000604   -0.015318   -0.002398   -0.001945   -0.001324   -0.002141   -0.001034    8.767228    8.676760    8.555545   -0.001671\n",
      "    0.000097    0.000000   -0.000000   -0.000000    0.000000    0.000000    0.000000   -0.000000    0.000000    0.000000   -0.000000    0.000000   -0.000000    0.000000   -0.000004    0.000002    0.000002    0.000000   -0.000000   -0.000000   -0.000000   -0.000000   -0.000000    0.000000    0.000000    0.000001    0.000000   -0.000000    0.000000    0.000001    0.000001   -0.000000   -0.000001   -0.000000   -0.000000   -0.000000   -0.000000   -0.000000   -0.000189   -0.000191   -0.000189   -0.000000\n",
      "   -0.000223   -0.000000    0.000000    0.000000   -0.000000   -0.000000    0.000000    0.000000    0.000000   -0.000000    0.000000   -0.000000   -0.000000    0.000000    0.000019   -0.000009   -0.000009   -0.000000    0.000000   -0.000000   -0.000000   -0.000001   -0.000000   -0.000004   -0.000001   -0.000002   -0.000002    0.000000   -0.000002   -0.000005   -0.000003   -0.000004    0.000002    0.000002   -0.000000    0.000002    0.000001   -0.000001    0.000891    0.000898    0.000883   -0.000000\n",
      "   -0.003320   -0.000000    0.000000    0.000000   -0.000000   -0.000000   -0.000001    0.000000   -0.000000   -0.000001    0.000000   -0.000000   -0.000000   -0.000000    0.000044   -0.000020   -0.000020   -0.000000   -0.000000    0.000003    0.000000   -0.000003    0.000001   -0.000015   -0.000016   -0.000018   -0.000018    0.000000   -0.000006   -0.000009   -0.000010    0.000001    0.000010    0.000004    0.000002   -0.000000    0.000001    0.000003    0.005940    0.005932    0.005905    0.000001\n",
      "   -0.021542   -0.000001    0.000002    0.000001    0.000001   -0.000000   -0.000008   -0.000000   -0.000000    0.000001    0.000001   -0.000000   -0.000002    0.000000   -0.000536    0.000281    0.000271   -0.000000   -0.000000    0.000000    0.000057   -0.000002    0.000001   -0.000050   -0.000015   -0.000053   -0.000044    0.000000   -0.000078   -0.000053   -0.000128   -0.000022   -0.000103    0.000017    0.000020    0.000015    0.000017    0.000025    0.026763    0.027222    0.026876    0.000007\n",
      "   -0.013916    0.000001   -0.000001   -0.000001   -0.000001    0.000000    0.000002    0.000000    0.000000    0.000004   -0.000002    0.000000    0.000001    0.000000   -0.000183    0.000172    0.000067   -0.000000   -0.000001   -0.000003   -0.000002    0.000148   -0.000019    0.000114    0.000185    0.000225    0.000225    0.000000   -0.000056   -0.000099   -0.000103   -0.000008   -0.000077    0.000021    0.000038    0.000039    0.000040    0.000023   -0.009078   -0.008970   -0.009208   -0.000008\n",
      "   -0.007516    0.000000   -0.000001   -0.000000    0.000000   -0.000000    0.000000   -0.000000    0.000000    0.000002    0.000002    0.000000    0.000001   -0.000000   -0.000136    0.000036    0.000071   -0.000000   -0.000000    0.000001    0.000001   -0.000019    0.000181   -0.000131   -0.000215   -0.000108   -0.000037   -0.000000    0.000031    0.000057   -0.000033    0.000041    0.000006   -0.000004   -0.000006   -0.000021   -0.000010   -0.000000    0.014545    0.014819    0.015060   -0.000005\n",
      "    8.058129    0.000211   -0.000213   -0.000210    0.000014    0.000002    0.000107   -0.000000    0.000000    0.000069    0.000021    0.000000   -0.000002    0.000003   -0.006518    0.004816    0.000850    0.000000   -0.000004   -0.000015   -0.000050    0.000114   -0.000131    0.035353    0.034247    0.033340    0.036881    0.000003   -0.000969   -0.001047   -0.002910   -0.001212   -0.000181    0.000189    0.000514    0.000356    0.000002   -0.000116  -11.195202  -11.189158  -11.209352    0.000051\n",
      "    8.293441    0.000193   -0.000194   -0.000192    0.000011    0.000002    0.000094    0.000000    0.000000    0.000051    0.000010    0.000000    0.000003    0.000003   -0.013749    0.008669    0.004183    0.000000   -0.000001   -0.000016   -0.000015    0.000185   -0.000215    0.034247    0.036992    0.033345    0.037297    0.000003   -0.001696   -0.001918   -0.004401   -0.001087   -0.000862   -0.000168    0.000284    0.000036   -0.000341   -0.000504  -11.398620  -11.393654  -11.417403    0.000079\n",
      "    7.684767    0.000180   -0.000182   -0.000179    0.000020    0.000003    0.000097   -0.000000    0.000000    0.000073    0.000027    0.000000   -0.000003    0.000003   -0.013784    0.009120    0.003970    0.000001   -0.000002   -0.000018   -0.000053    0.000225   -0.000108    0.033340    0.033345    0.032751    0.035202    0.000003   -0.002028   -0.002209   -0.004486   -0.001191   -0.000827    0.000196    0.000573    0.000431    0.000032   -0.000101  -10.608692  -10.602665  -10.619776   -0.000059\n",
      "    8.805708    0.000228   -0.000228   -0.000226    0.000007    0.000001    0.000088   -0.000000    0.000000    0.000088    0.000018    0.000000    0.000002    0.000003   -0.008682    0.005916    0.001556    0.000000   -0.000002   -0.000018   -0.000044    0.000225   -0.000037    0.036881    0.037297    0.035202    0.040643    0.000003   -0.001125   -0.000983   -0.003236   -0.001006    0.000089   -0.000085    0.000326    0.000225   -0.000306   -0.000416  -12.177759  -12.172356  -12.195381    0.000090\n",
      "    0.000571   -0.000000    0.000000    0.000000    0.000000    0.000000    0.000000    0.000000   -0.000000    0.000000   -0.000000    0.000000    0.000000   -0.000000    0.000011   -0.000007   -0.000005   -0.000000    0.000000    0.000000    0.000000    0.000000   -0.000000    0.000003    0.000003    0.000003    0.000003    0.000000   -0.000002   -0.000002   -0.000002   -0.000000   -0.000000   -0.000000   -0.000000    0.000000   -0.000000   -0.000000   -0.000653   -0.000649   -0.000648    0.000000\n",
      "    3.137193    0.000868   -0.000868   -0.000867   -0.000032   -0.000003   -0.000177   -0.000000   -0.000000    0.000039    0.000130    0.000000    0.000003    0.000004   -0.014823    0.009593    0.005206    0.000000   -0.000002   -0.000006   -0.000078   -0.000056    0.000031   -0.000969   -0.001696   -0.002028   -0.001125   -0.000002    0.049774    0.045669    0.055948   -0.001200   -0.002802   -0.000692   -0.000809   -0.001831   -0.000832   -0.001559   -7.616588   -7.653254   -7.629275   -0.000250\n",
      "    2.880760    0.000871   -0.000871   -0.000870   -0.000028   -0.000002   -0.000217   -0.000000   -0.000000    0.000033    0.000104    0.000000    0.000008    0.000005   -0.010244    0.006030    0.003696    0.000001   -0.000005   -0.000009   -0.000053   -0.000099    0.000057   -0.001047   -0.001918   -0.002209   -0.000983   -0.000002    0.045669    0.047156    0.053073   -0.000609   -0.001496   -0.000094   -0.000272   -0.001620   -0.000255   -0.001313   -7.359350   -7.394073   -7.369569   -0.000226\n",
      "    2.927089    0.000999   -0.000998   -0.000999   -0.000035   -0.000003   -0.000265   -0.000000   -0.000000    0.000023    0.000068    0.000000   -0.000001    0.000005   -0.004930    0.003568    0.001208    0.000001   -0.000003   -0.000010   -0.000128   -0.000103   -0.000033   -0.002910   -0.004401   -0.004486   -0.003236   -0.000002    0.055948    0.053073    0.066824   -0.000902   -0.001562   -0.000704   -0.000776   -0.001250   -0.000822   -0.001984   -7.920881   -7.962682   -7.936700   -0.000257\n",
      "   -0.283665   -0.000018    0.000018    0.000018    0.000007   -0.000000    0.000001   -0.000000   -0.000000   -0.000015   -0.000009   -0.000000    0.000000   -0.000000   -0.000529   -0.000037    0.000604   -0.000000   -0.000004    0.000001   -0.000022   -0.000008    0.000041   -0.001212   -0.001087   -0.001191   -0.001006   -0.000000   -0.001200   -0.000609   -0.000902    0.000680    0.001455   -0.000175   -0.000171   -0.000136   -0.000132   -0.000149    0.454962    0.455750    0.454273    0.000007\n",
      "    0.297472   -0.000000    0.000002   -0.000001   -0.000000    0.000003    0.000074   -0.000000    0.000000    0.000054   -0.000007    0.000000    0.000006    0.000001    0.030213   -0.015682   -0.015318   -0.000001    0.000002    0.000010   -0.000103   -0.000077    0.000006   -0.000181   -0.000862   -0.000827    0.000089   -0.000000   -0.002802   -0.001496   -0.001562    0.001455    0.039852    0.000409    0.000255    0.000734   -0.000239   -0.000094   -0.210484   -0.216591   -0.212943   -0.000131\n",
      "    0.036177    0.000001   -0.000001   -0.000001   -0.000001    0.000000   -0.000001   -0.000000    0.000000   -0.000002    0.000003    0.000000    0.000001   -0.000000    0.004868   -0.002556   -0.002398   -0.000000    0.000002    0.000004    0.000017    0.000021   -0.000004    0.000189   -0.000168    0.000196   -0.000085   -0.000000   -0.000692   -0.000094   -0.000704   -0.000175    0.000409    0.000976    0.000928    0.000662    0.000851    0.000839   -0.089359   -0.087528   -0.087537    0.000000\n",
      "    0.087098    0.000000   -0.000001   -0.000000   -0.000004   -0.000000   -0.000005    0.000000    0.000000   -0.000004   -0.000009   -0.000000   -0.000001    0.000000    0.003800   -0.001924   -0.001945   -0.000000   -0.000000    0.000002    0.000020    0.000038   -0.000006    0.000514    0.000284    0.000573    0.000326   -0.000000   -0.000809   -0.000272   -0.000776   -0.000171    0.000255    0.000928    0.001182    0.000574    0.000916    0.000663   -0.160050   -0.159811   -0.157908   -0.000031\n",
      "    0.007082   -0.000026    0.000026    0.000026   -0.000002    0.000001   -0.000015   -0.000000    0.000000   -0.000012    0.000005   -0.000000   -0.000009   -0.000000    0.003110   -0.001662   -0.001324   -0.000000    0.000002   -0.000000    0.000015    0.000039   -0.000021    0.000356    0.000036    0.000431    0.000225    0.000000   -0.001831   -0.001620   -0.001250   -0.000136    0.000734    0.000662    0.000574    0.004622    0.000757    0.000377    0.040432    0.044589    0.043978    0.000088\n",
      "   -0.052170   -0.000003    0.000003    0.000003   -0.000005    0.000000    0.000001   -0.000000    0.000000   -0.000000   -0.000002   -0.000000    0.000000    0.000000    0.004399   -0.002252   -0.002141   -0.000000    0.000001    0.000001    0.000017    0.000040   -0.000010    0.000002   -0.000341    0.000032   -0.000306   -0.000000   -0.000832   -0.000255   -0.000822   -0.000132   -0.000239    0.000851    0.000916    0.000757    0.001124    0.000741    0.033826    0.034745    0.035300   -0.000001\n",
      "   -0.122171   -0.000024    0.000024    0.000024   -0.000006    0.000000   -0.000004   -0.000000   -0.000000   -0.000007   -0.000009   -0.000000    0.000003    0.000000    0.001820   -0.000849   -0.001034   -0.000000   -0.000001    0.000003    0.000025    0.000023   -0.000000   -0.000116   -0.000504   -0.000101   -0.000416   -0.000000   -0.001559   -0.001313   -0.001984   -0.000149   -0.000094    0.000839    0.000663    0.000377    0.000741    0.001738    0.223980    0.224433    0.224885   -0.000037\n",
      "-70922828777735.0468751083550551.158580-1083550551.162585-1083550551.155123   -0.010783   -0.001466   -0.151625    0.000006   -0.000248    0.018097    0.050633    0.000167    0.003000    0.002524  -11.119221    6.083588    4.949684    0.000273   -0.002512   -0.001798   -0.026692   -0.019374    0.078166   -8.942994  -10.050917   -9.360032   -9.680141   -0.002251   28.617019   29.297182   33.876181   -0.143428   -1.292146   -0.038114   -0.213787   -0.909930   -0.069595   -0.80051970922828775747.31250070922828775738.67187570922828775748.328125   -0.124058\n",
      "-70922828777730.8281251083550551.158586-1083550551.162592-1083550551.155127   -0.010841   -0.001473   -0.151688    0.000006   -0.000248    0.018553    0.050654    0.000167    0.003063    0.002532  -11.101888    6.074735    4.942030    0.000271   -0.002509   -0.001780   -0.026547   -0.019560    0.078342   -8.923866  -10.032565   -9.341676   -9.661201   -0.002247   28.608600   29.290817   33.866514   -0.143488   -1.298811   -0.036075   -0.213307   -0.906601   -0.068638   -0.80072670922828775741.82812570922828775733.32812570922828775742.906250   -0.126172\n",
      "-70922828777738.3750001083550551.158445-1083550551.162448-1083550551.154990   -0.010775   -0.001468   -0.151653    0.000006   -0.000248    0.018601    0.050556    0.000167    0.003041    0.002524  -11.094595    6.068694    4.940315    0.000274   -0.002520   -0.001829   -0.026565   -0.019452    0.078354   -8.954638  -10.063697   -9.368173   -9.695453   -0.002247   28.611768   29.294482   33.869369   -0.144140   -1.294834   -0.036308   -0.211852   -0.906813   -0.068207   -0.79986670922828775751.95312570922828775743.39062570922828775753.093750   -0.125000\n",
      "    0.002403   -0.000002    0.000002    0.000002    0.000003    0.000000   -0.000004    0.000000    0.000000    0.000002   -0.000001    0.000000   -0.000000   -0.000000    0.003010   -0.001174   -0.001671   -0.000000   -0.000000    0.000001    0.000007   -0.000008   -0.000005    0.000051    0.000079   -0.000059    0.000090    0.000000   -0.000250   -0.000226   -0.000257    0.000007   -0.000131    0.000000   -0.000031    0.000088   -0.000001   -0.000037    0.016670    0.014557    0.015729    0.000635\n",
      "================================ END OF REPORT =====================================\n"
     ]
    }
   ],
   "source": [
    "print(mllag.summary)"
   ]
  },
  {
   "cell_type": "markdown",
   "metadata": {},
   "source": [
    "### RMSE in-sample"
   ]
  },
  {
   "cell_type": "code",
   "execution_count": 60,
   "metadata": {},
   "outputs": [
    {
     "name": "stdout",
     "output_type": "stream",
     "text": [
      "1.7487635476473689\n"
     ]
    }
   ],
   "source": [
    "y_name = \"percent_vaccinated_log\"\n",
    "y = db_train[y_name].values\n",
    "mllag.predy\n",
    "rmse = np.sqrt(np.sum((y - mllag.predy)**2)/len(y))\n",
    "print(rmse)"
   ]
  },
  {
   "cell_type": "markdown",
   "metadata": {},
   "source": [
    "## On test dataset"
   ]
  },
  {
   "cell_type": "code",
   "execution_count": 61,
   "metadata": {},
   "outputs": [
    {
     "data": {
      "text/plain": [
       "(array([[-3.46721754e+01],\n",
       "        [-1.98181847e+07],\n",
       "        [ 1.98181847e+07],\n",
       "        [ 1.98181847e+07],\n",
       "        [ 2.23403325e-03],\n",
       "        [-5.36711039e-04],\n",
       "        [ 9.12000787e-03],\n",
       "        [-7.08041878e-07],\n",
       "        [-2.20152232e-05],\n",
       "        [-7.08957573e-03],\n",
       "        [-3.11691898e-03],\n",
       "        [-8.57309179e-06],\n",
       "        [ 1.04768107e-03],\n",
       "        [-3.17522809e-04],\n",
       "        [ 1.89313899e+01],\n",
       "        [-9.45738749e+00],\n",
       "        [-9.09819112e+00],\n",
       "        [ 5.95233636e-05],\n",
       "        [-1.95080128e-04],\n",
       "        [-4.80013029e-05],\n",
       "        [-2.16734104e-03],\n",
       "        [ 8.57773315e-03],\n",
       "        [ 3.15582612e-03],\n",
       "        [ 1.51778169e-01],\n",
       "        [ 8.95963134e-02],\n",
       "        [ 1.40411696e-01],\n",
       "        [ 1.47515165e-01],\n",
       "        [-3.67181526e-05],\n",
       "        [ 2.46734645e-01],\n",
       "        [ 2.50964296e-01],\n",
       "        [ 2.84131509e-01],\n",
       "        [ 1.80715019e-03],\n",
       "        [-5.51296231e-02],\n",
       "        [-5.82266870e-04],\n",
       "        [ 4.42496436e-03],\n",
       "        [-1.06635243e-02],\n",
       "        [ 3.91338094e-03],\n",
       "        [-4.37325079e-03],\n",
       "        [-2.57815153e+00],\n",
       "        [-2.12465916e+00],\n",
       "        [-1.36540824e+00],\n",
       "        [ 9.75156068e-01]]),\n",
       " 0.9751560679930943)"
      ]
     },
     "execution_count": 61,
     "metadata": {},
     "output_type": "execute_result"
    }
   ],
   "source": [
    "# firguring out betas and rho\n",
    "# first beta is intercept\n",
    "# last beta is rho\n",
    "mllag.betas, mllag.rho"
   ]
  },
  {
   "cell_type": "code",
   "execution_count": 68,
   "metadata": {},
   "outputs": [
    {
     "name": "stdout",
     "output_type": "stream",
     "text": [
      "15.682449430552015\n"
     ]
    },
    {
     "name": "stderr",
     "output_type": "stream",
     "text": [
      "/tmp/ipykernel_284493/895585023.py:5: FutureWarning: `use_index` defaults to False but will default to True in future. Set True/False directly to control this behavior and silence this warning\n",
      "  w = Queen.from_dataframe(gdf_test)\n"
     ]
    }
   ],
   "source": [
    "# Predict on the test dataset\n",
    "# Prepare y_test\n",
    "y_test = db_test[\"percent_vaccinated_log\"].values\n",
    "# Create a spatial weights object\n",
    "w = Queen.from_dataframe(gdf_test)\n",
    "# Calcualte Wy\n",
    "w_array = w.to_sparse().toarray()\n",
    "row_sums = w_array.sum(axis=1)\n",
    "w_array_normalized = w_array / row_sums[:, np.newaxis]\n",
    "Wy = np.dot(w_array_normalized, y_test)\n",
    "# Calculate y_pred\n",
    "y_pred = mllag.betas[0] + np.dot(db_test[x_names].values,mllag.betas[1:-1]) + mllag.betas[-1]*Wy\n",
    "# Calculate RMSE\n",
    "rmse = np.sqrt(np.sum((y_test - y_pred)**2)/len(y_test))\n",
    "print(rmse)"
   ]
  },
  {
   "cell_type": "markdown",
   "metadata": {},
   "source": [
    "# SDM"
   ]
  },
  {
   "cell_type": "markdown",
   "metadata": {},
   "source": [
    "## In-sample"
   ]
  },
  {
   "cell_type": "code",
   "execution_count": 49,
   "metadata": {},
   "outputs": [
    {
     "name": "stderr",
     "output_type": "stream",
     "text": [
      "/tmp/ipykernel_284493/2583859258.py:2: FutureWarning: `use_index` defaults to False but will default to True in future. Set True/False directly to control this behavior and silence this warning\n",
      "  w = Queen.from_dataframe(gdf_train)\n"
     ]
    },
    {
     "name": "stdout",
     "output_type": "stream",
     "text": [
      "Warning: Latex output not implemented yet. Using standard output instead.\n"
     ]
    },
    {
     "name": "stderr",
     "output_type": "stream",
     "text": [
      "/home/maciej/anaconda3/envs/mlenv/lib/python3.8/site-packages/spreg/diagnostics.py:354: RuntimeWarning: invalid value encountered in sqrt\n",
      "  se_result = np.sqrt(variance)\n",
      "/home/maciej/anaconda3/envs/mlenv/lib/python3.8/site-packages/spreg/diagnostics.py:170: RuntimeWarning: invalid value encountered in sqrt\n",
      "  ) / np.sqrt(variance)\n"
     ]
    }
   ],
   "source": [
    "# Create a spatial weights object\n",
    "w = Queen.from_dataframe(gdf_train)\n",
    "ds_name = \"municipalities_train\"\n",
    "y_name = \"percent_vaccinated_log\"\n",
    "y = db_train[y_name].values\n",
    "y.shape = (len(y),1)\n",
    "x_names = db_train.columns.to_list()\n",
    "x_names.remove(\"county_code\")\n",
    "x_names.remove(\"county_name\")\n",
    "x_names.remove(\"voivodeship\")\n",
    "x_names.remove(\"municipality_code_old\")\n",
    "x_names.remove(\"municipality_code\")\n",
    "x_names.remove(\"percent_vaccinated\")\n",
    "x_names.remove(\"percent_vaccinated_log\")\n",
    "x_names.remove(\"municipality_name\")\n",
    "x = db_train[x_names].values.astype('float64')\n",
    "w_name = \"border_contiguity\"\n",
    "w.transform = 'r'\n",
